//  Copyright 2026 Yurun Zi
//
//  This file contains GPLv3-derived constants based on OpenDRT v1.1.0
//  by Jed Smith: https://github.com/jedypod/open-display-transform

#pragma once

#include <cuda_runtime.h>

namespace puerhlab::CUDA {

__device__ __constant__ float OPEN_DRT_SQRT3 = 1.7320508075688772f;
__device__ __constant__ float OPEN_DRT_PI    = 3.1415926535897932f;

__device__ __constant__ float OPEN_DRT_AP1_TO_XYZ[9] = {
    0.6524187177f, 0.1271799255f, 0.1708572838f,
    0.2680640592f, 0.6724644790f, 0.0594714618f,
   -0.0054699285f, 0.0051828000f, 1.0893448793f};
__device__ __constant__ float OPEN_DRT_P3D65_TO_XYZ[9] = {
    0.4865709486f, 0.2656676932f, 0.1982172852f,
    0.2289745641f, 0.6917385218f, 0.0792869141f,
    0.0f,          0.0451133819f, 1.0439443689f};
__device__ __constant__ float OPEN_DRT_XYZ_TO_P3D65[9] = {
    2.4934969119f, -0.9313836179f, -0.4027107845f,
   -0.8294889696f,  1.7626640603f,  0.0236246858f,
    0.0358458302f, -0.0761723893f,  0.9568845240f};
__device__ __constant__ float OPEN_DRT_XYZ_TO_REC709[9] = {
    3.2409699419f, -1.5373831776f, -0.4986107603f,
   -0.9692436363f,  1.8759675015f,  0.0415550574f,
    0.0556300797f, -0.2039769589f,  1.0569715142f};
__device__ __constant__ float OPEN_DRT_P3_TO_REC2020[9] = {
    0.7538330344f, 0.1985973691f, 0.0475695966f,
    0.0457438490f, 0.9417772198f, 0.0124789312f,
   -0.0012103404f, 0.0176017173f, 0.9836086231f};

__device__ __constant__ float OPEN_DRT_CAT_DCI_TO_D93[9] = {
    0.9656850100f, 0.0018374524f, 0.0912967324f,
    0.0005145721f, 0.9651667476f, 0.0360146537f,
    0.0015425049f, 0.0070265178f, 1.4728747606f};
__device__ __constant__ float OPEN_DRT_CAT_DCI_TO_D75[9] = {
    0.9901207685f, 0.0151389474f, 0.0511047691f,
    0.0102197211f, 0.9717181325f, 0.0200536624f,
    0.0007430727f, 0.0042176349f, 1.2795965672f};
__device__ __constant__ float OPEN_DRT_CAT_DCI_TO_D65[9] = {
    1.0095160007f, 0.0269675441f, 0.0213620812f,
    0.0187991038f, 0.9753303528f, 0.0082273334f,
    0.0001345433f, 0.0021790350f, 1.1386636496f};
__device__ __constant__ float OPEN_DRT_CAT_DCI_TO_D60[9] = {
    1.0215952396f, 0.0348486789f, 0.0037125200f,
    0.0244968776f, 0.9769372344f, 0.0012030154f,
   -0.0002339159f, 0.0009866878f, 1.0559426546f};
__device__ __constant__ float OPEN_DRT_CAT_DCI_TO_D55[9] = {
    1.0359457731f, 0.0450937562f, -0.0157573819f,
    0.0318740681f, 0.9777445197f, -0.0065574497f,
   -0.0006536094f, -0.0002973722f, 0.9663277864f};
__device__ __constant__ float OPEN_DRT_CAT_DCI_TO_D50[9] = {
    1.0530687571f, 0.0581297316f, -0.0376100838f,
    0.0412359424f, 0.9776936769f, -0.0152792223f,
   -0.0011377768f, -0.0017075930f, 0.8673683405f};

__device__ __constant__ float OPEN_DRT_CAT_D65_TO_D93[9] = {
    0.9570342302f, -0.0247171503f, 0.0624028593f,
   -0.0179296955f, 0.9900198579f,  0.0248119533f,
    0.0012758914f, 0.0042791907f,  1.2934571505f};
__device__ __constant__ float OPEN_DRT_CAT_D65_TO_D75[9] = {
    0.9810010791f, -0.0116619254f, 0.0265614092f,
   -0.0084348805f, 0.9965060949f,  0.0105696544f,
    0.0005528096f, 0.0017984081f,  1.1237472296f};
__device__ __constant__ float OPEN_DRT_CAT_D65_TO_D60[9] = {
    1.0118224621f, 0.0077887932f, -0.0157783031f,
    0.0056168283f, 1.0015064478f, -0.0062851757f,
   -0.0003357357f, -0.0010509500f, 0.9273666739f};
__device__ __constant__ float OPEN_DRT_CAT_D65_TO_D55[9] = {
    1.0258508921f, 0.0179439820f, -0.0332137793f,
    0.0129133854f, 1.0021477938f, -0.0132421032f,
   -0.0007199403f, -0.0021810681f, 0.8486801386f};
__device__ __constant__ float OPEN_DRT_CAT_D65_TO_D50[9] = {
    1.0425740480f, 0.0308911763f, -0.0528126210f,
    0.0221935362f, 1.0018566847f, -0.0210737623f,
   -0.0011648831f, -0.0034205271f, 0.7617890835f};
__device__ __constant__ float OPEN_DRT_CAT_D65_TO_DCI[9] = {
    0.9910855889f, -0.0273622870f, -0.0183956623f,
   -0.0191021916f,  1.0258377790f, -0.0070537254f,
   -0.0000805503f, -0.0019598883f,  0.8782384396f};

__device__ __constant__ float OPEN_DRT_CAT_D60_TO_D93[9] = {
    0.9460569024f, -0.0319503024f, 0.0831701458f,
   -0.0231979694f, 0.9887458086f,  0.0330617502f,
    0.0016920343f, 0.0057232874f,  1.3948310614f};
__device__ __constant__ float OPEN_DRT_CAT_D60_TO_D75[9] = {
    0.9696599841f, -0.0191383120f, 0.0450099558f,
   -0.0138545772f, 0.9951338172f,  0.0179062262f,
    0.0009314523f, 0.0030600820f,  1.2117980719f};
__device__ __constant__ float OPEN_DRT_CAT_D60_TO_D65[9] = {
    0.9883639216f, -0.0076691005f, 0.0167641640f,
   -0.0055409619f, 0.9985461235f,  0.0066733211f,
    0.0003515370f, 0.0011288375f,  1.0783357620f};
__device__ __constant__ float OPEN_DRT_CAT_D60_TO_D55[9] = {
    1.0138028860f, 0.0100131510f, -0.0184983462f,
    0.0072056516f, 1.0005768538f, -0.0073752999f,
   -0.0004011337f, -0.0012143496f, 0.9151356816f};
__device__ __constant__ float OPEN_DRT_CAT_D60_TO_D50[9] = {
    1.0302526951f, 0.0227910466f, -0.0392656922f,
    0.0163766481f, 1.0002059937f, -0.0156668238f,
   -0.0008645768f, -0.0025466848f, 0.8214220405f};

}  // namespace puerhlab::CUDA
